-8 0.000265568 32 32.002 0.000246918 32 32.0021
-7.83333 -0.000366067 30.6806 30.6829 0.000298486 30.6806 30.6776
-7.66667 -0.000655772 29.3889 29.388 -0.000113466 29.3889 29.3836
-7.5 -0.000302529 28.125 28.121 -0.000502713 28.125 28.1226
-7.33333 0.000276562 26.8889 26.8861 -0.000344213 26.8889 26.8911
-7.16667 0.000459909 25.6806 25.6826 0.000255455 25.6806 25.6842
-7 0.000123824 24.5 24.5049 0.000613272 24.5 24.501
-6.83333 -0.000275478 23.3472 23.3494 0.000267597 23.3472 23.345
-6.66667 -0.000272255 22.2222 22.2189 -0.000417338 22.2222 22.22
-6.5 9.30894e-05 21.125 21.1199 -0.000633171 21.125 21.1257
-6.33333 0.000382344 20.0556 20.0547 -0.000104086 20.0556 20.0586
-6.16667 0.000296599 19.0139 19.0182 0.000534905 19.0139 19.0163
-6 -8.76866e-06 18 18.0039 0.000489431 18 17.9999
-5.83333 -0.000151419 17.0139 17.0124 -0.000190482 17.0139 17.0127
-5.66667 3.58609e-05 16.0556 16.0505 -0.000626736 16.0556 16.0558
-5.5 0.000373881 15.125 15.1234 -0.00020284 15.125 15.128
-5.33333 0.000630989 14.2222 14.2271 0.000604887 14.2222 14.2273
-5.16667 0.000882655 13.3472 13.3533 0.000755354 13.3472 13.3543
-5 0.00157728 12.5 12.4997 -4.26859e-05 12.5 12.5126
-4.83333 0.00334449 11.6806 11.6736 -0.000865816 11.6806 11.7073
-4.66667 0.00686207 10.8889 10.8838 -0.000637057 10.8889 10.9438
-4.5 0.0129708 10.125 10.1291 0.000509701 10.125 10.2288
-4.33333 0.0229244 9.38889 9.39904 0.00126802 9.38889 9.57228
-4.16667 0.0385676 8.68056 8.68593 0.000670973 8.68056 8.98909
-4 0.0623838 8 7.99453 -0.000684153 8 8.49906
-3.83333 0.0974226 7.34722 7.33743 -0.00122465 7.34722 8.1266
-3.66667 0.146944 6.72222 6.72049 -0.000216378 6.72222 7.89777
-3.5 0.213502 6.125 6.13534 0.00129269 6.125 7.83301
-3.33333 0.297515 5.55556 5.56811 0.00156989 5.55556 7.93567
-3.16667 0.39601 5.01389 5.01529 0.000175748 5.01389 8.18197
-3 0.50246 4.5 4.4888 -0.00139992 4.5 8.51969
-2.83333 0.608039 4.01389 4.00396 -0.00124076 4.01389 8.87822
-2.66667 0.703646 3.55556 3.56266 0.0008883 3.55556 9.18475
-2.5 0.781823 3.125 3.14959 0.00307349 3.125 9.37962
-2.33333 0.838454 2.72222 2.74658 0.00304528 2.72222 9.42989
-2.16667 0.874728 2.34722 2.35186 0.000579315 2.34722 9.34506
-2 0.899008 2 1.9852 -0.00184995 2 9.19207
-1.83333 0.926244 1.68056 1.67249 -0.00100826 1.68056 9.09052
-1.66667 0.972147 1.38889 1.42207 0.00414743 1.38889 9.16609
-1.5 1.04258 1.125 1.2162 0.0113987 1.125 9.46573
-1.33333 1.12408 0.888889 1.03203 0.0178904 0.888889 9.88161
-1.16667 1.18388 0.680556 0.882233 0.0252043 0.680556 10.1515
-1 1.18341 0.5 0.842264 0.0427722 0.5 9.96705
-0.833333 1.09939 0.347222 1.03222 0.085603 0.347222 9.14189
-0.666667 0.939039 0.222222 1.55272 0.166274 0.222222 7.7339
-0.5 0.738291 0.125 2.4165 0.286378 0.125 6.03058
-0.333333 0.543198 0.0555556 3.53057 0.434293 0.0555556 4.40038
-0.166667 0.386898 0.0138889 4.74826 0.591694 0.0138889 3.10839
0 0.277278 3.70074e-17 5.95083 0.743744 3.70074e-17 2.21767
0.166667 0.201756 0.0138889 7.08962 0.884365 0.0138889 1.62753
0.333333 0.142822 0.0555556 8.15505 1.01236 0.0555556 1.19785
0.5 0.0914154 0.125 9.10833 1.12286 0.125 0.856143
0.666667 0.049426 0.222222 9.84957 1.20339 0.222222 0.617524
0.833333 0.0225661 0.347222 10.2622 1.23936 0.347222 0.527692
1 0.0119041 0.5 10.2996 1.22495 0.5 0.595202
1.16667 0.0114107 0.680556 10.0377 1.16965 0.680556 0.771826
1.33333 0.0123247 0.888889 9.64727 1.0948 0.888889 0.987481
1.5 0.00938185 1.125 9.30634 1.02267 1.125 1.20005
1.66667 0.00338344 1.38889 9.1211 0.966526 1.38889 1.41596
1.83333 -0.00138514 1.68056 9.10102 0.927557 1.68056 1.66948
2 -0.0018991 2 9.18629 0.898285 2 1.98481
2.16667 0.000954974 2.34722 9.29166 0.868055 2.34722 2.35487
2.33333 0.0036604 2.72222 9.33864 0.827052 2.72222 2.75151
2.5 0.00353613 3.125 9.27336 0.768546 3.125 3.15329
2.66667 0.000996901 3.55556 9.07854 0.690375 3.55556 3.56353
2.83333 -0.00129889 4.01389 8.77949 0.595703 4.01389 4.0035
3 -0.00127868 4.5 8.43669 0.492088 4.5 4.48977
3.16667 0.000616789 5.01389 8.12401 0.388766 5.01389 5.01883
3.33333 0.00217777 5.55556 7.90491 0.293669 5.55556 5.57298
3.5 0.00184932 6.125 7.82017 0.211896 6.125 6.13979
3.66667 0.000234167 6.72222 7.88913 0.145863 6.72222 6.72409
3.83333 -0.000790562 7.34722 8.11505 0.0959787 7.34722 7.34089
4 -0.00021197 8 8.48737 0.0609214 8 7.9983
4.16667 0.00110796 8.68056 8.983 0.037806 8.68056 8.68942
4.33333 0.00155147 9.38889 9.57256 0.0229585 9.38889 9.4013
4.5 0.000601836 10.125 10.2308 0.0132221 10.125 10.1298
4.66667 -0.000671766 10.8889 10.9435 0.00682323 10.8889 10.8835
4.83333 -0.000935593 11.6806 11.7053 0.00309865 11.6806 11.6731
5 -9.45953e-05 12.5 12.5122 0.00153044 12.5 12.4992
5.16667 0.000732357 13.3472 13.3566 0.00116912 13.3472 13.3531
5.33333 0.000606347 14.2222 14.2298 0.000953293 14.2222 14.2271
5.5 -0.000183085 15.125 15.1281 0.000390283 15.125 15.1235
5.66667 -0.000592345 16.0556 16.0535 -0.000257546 16.0556 16.0508
5.83333 -0.000132625 17.0139 17.01 -0.000485703 17.0139 17.0128
6 0.000596573 18 17.9985 -0.000182336 18 18.0048
6.16667 0.000715886 19.0139 19.016 0.000258883 19.0139 19.0196
6.33333 0.000145373 20.0556 20.0586 0.000381188 20.0556 20.0567
6.5 -0.000360265 21.125 21.1261 0.000133394 21.125 21.1221
6.66667 -0.000187754 22.2222 22.2212 -0.00012518 22.2222 22.2207
6.83333 0.000397351 23.3472 23.3468 -5.30388e-05 23.3472 23.3504
7 0.000631714 24.5 24.5023 0.000285417 24.5 24.5051
7.16667 0.000222158 25.6806 25.6845 0.000487979 25.6806 25.6823
7.33333 -0.000313698 26.8889 26.8911 0.000270118 26.8889 26.8864
7.5 -0.000318822 28.125 28.1235 -0.000187717 28.125 28.1224
7.66667 0.000186068 29.3889 29.3856 -0.000409989 29.3889 29.3904
7.83333 0.000541639 30.6806 30.6793 -0.000162612 30.6806 30.6849
8 0.000265568 32 32.002 0.000246918 32 32.0021
